20947.048365069888 14669.203420111859 8
15971.143312032264 2364.5994206656874 4285.247533823058 11717.139496720816
15041.774582973267 6001.257133816864 3338.6892282797116 1910.539000747174
2645.312698342315 9618.670551972302 6129.913091540706 1118.0807676102831
18845.584500852612 12149.090266062778 1082.8442443820627 1186.755492023041
19533.50085264491 10415.786631021685 839.68259653006 2768.7150162340945
6450.735728244347 6806.849628819759 165.9787374203021 4943.662750019479
5671.266441212199 1783.7799519567207 13145.89321100585 4265.361907918909
16551.83304345209 14140.622822907124 503.521625138158 6.020767707097126
10 10 4
1 1 1 1
1 1 1 1
1 1 1 1
1 1 1 1
10 10 4
0 0 5 5 
1 1 5 5
2 2 4 3
3 3 6 1
4.0 4.0 2
1.0 1.0 2.0 2.0
2.0 1.0 2.0 2.0
0 0 0
